model "Localizacao_PSA_Rondonia"
uses "mmxprs"

declarations
    ! 1. DEFINIÇÃO DE CONJUNTOS E PARÂMETROS
    N = 52 ! <--- ALTERE AQUI para o número total de cidades do seu anexo
    CIDADES = 1..N

    POP: array(CIDADES) of real
    DIST: array(CIDADES, CIDADES) of real

    CUSTO_FIXO: real
    CUSTO_TRANS: array(CIDADES, CIDADES) of real ! Matriz de custos pré-calculada

    ! 2. VARIÁVEIS DE DECISÃO
    y: array(CIDADES) of mpvar          ! 1 se abrir PSA na cidade j, 0 cc
    x: array(CIDADES, CIDADES) of mpvar ! proporção da cidade i atendida pelo PSA j
end-declarations

! ------------------------------------------------------------------
! INSERÇÃO DE DADOS (Substitua pelos dados do seu anexo)
! ------------------------------------------------------------------
CUSTO_FIXO := 500000.0

! População real dos municípios de Rondônia (N = 52)
POP(1) := 517709       ! Porto Velho
POP(2) := 140101       ! Ji-Paraná
POP(3) := 109651       ! Vilhena
POP(4) := 109170       ! Ariquemes
POP(5) := 98280        ! Cacoal
POP(6) := 62959        ! Rolim de Moura
POP(7) := 55682        ! Jaru
POP(8) := 43594        ! Guajará-Mirim
POP(9) := 39220        ! Pimenta Bueno
POP(10) := 38684       ! Ouro Preto do Oeste
POP(11) := 34149       ! Machadinho d'Oeste
POP(12) := 32842       ! Espigão d'Oeste
POP(13) := 30649       ! Buritis
POP(14) := 28701       ! Nova Mamoré
POP(15) := 24313       ! Candeias do Jamari
POP(16) := 22787       ! Alta Floresta d'Oeste
POP(17) := 22305       ! São Miguel do Guaporé
POP(18) := 20443       ! Presidente Médici
POP(19) := 17557       ! São Francisco do Guaporé
POP(20) := 17467       ! Alto Paraíso
POP(21) := 16966       ! Cerejeiras
POP(22) := 16508       ! Colorado do Oeste
POP(23) := 16374       ! Nova Brasilândia d'Oeste
POP(24) := 15877       ! Cujubim
POP(25) := 13720       ! Alvorada d'Oeste
POP(26) := 13510       ! Costa Marques
POP(27) := 12965       ! Seringueiras
POP(28) := 12237       ! Alto Alegre dos Parecis
POP(29) := 12168       ! Monte Negro
POP(30) := 11314       ! Urupá
POP(31) := 10191       ! Chupinguaia
POP(32) := 9657        ! Mirante da Serra
POP(33) := 9228        ! Itapuã do Oeste
POP(34) := 9095        ! Campo Novo de Rondônia
POP(35) := 8459        ! Theobroma
POP(36) := 8340        ! Governador Jorge Teixeira
POP(37) := 8220        ! Vale do Anari
POP(38) := 7972        ! Novo Horizonte do Oeste
POP(39) := 7968        ! Corumbiara
POP(40) := 7837        ! Santa Luzia d'Oeste
POP(41) := 6790        ! Vale do Paraíso
POP(42) := 6541        ! Nova União
POP(43) := 6519        ! Ministro Andreazza
POP(44) := 5664        ! Cabixi
POP(45) := 5588        ! São Felipe d'Oeste
POP(46) := 4521        ! Teixeirópolis
POP(47) := 4372        ! Parecis
POP(48) := 4292        ! Cacaulândia
POP(49) := 3767        ! Rio Crespo
POP(50) := 3450        ! Castanheiras
POP(51) := 3268        ! Primavera de Rondônia
POP(52) := 2309        ! Pimenteiras do Oeste

DIST :: [
    5, 44295, 384226, 108484, 330534, 451516, 397600, 302619, 112805, 434292, 504884, 61574, 390938, 251108, 353606, 321636, 328089, 444217, 143974, 278843, 670167, 415424, 236706, 154750, 377531, 140578, 185007, 377323, 61629, 624453, 240626, 27291, 196721, 88890, 113281, 382599, 521425, 120116, 108332, 377288, 48195, 27800, 148086, 57123, 218788, 113167, 167558, 269388, 136927, 315415, 230959, 296066,
    44295, 5, 390810, 173389, 337672, 458101, 404413, 309204, 119672, 440876, 511468, 110030, 255282, 163612, 360463, 216923, 380483, 450801, 150652, 285428, 676375, 422008, 243344, 161132, 384350, 147162, 252576, 383908, 113971, 630934, 247210, 79668, 203268, 37492, 119896, 278227, 528113, 126700, 114916, 383817, 54795, 34472, 200456, 63707, 271159, 165264, 189494, 275972, 204495, 322000, 237544, 302626,
    384226, 390810, 5, 284133, 58647, 124855, 661221, 114940, 337588, 145512, 184097, 300483, 654676, 514696, 617270, 585384, 569080, 123430, 396133, 178783, 381188, 94637, 148094, 230596, 199723, 312761, 247391, 88543, 336260, 335747, 226169, 363098, 190450, 418816, 376463, 646187, 200715, 265854, 398569, 56419, 337707, 358240, 388998, 385561, 459700, 350375, 222080, 169466, 254044, 181935, 224283, 559434,
    108484, 173389, 284133, 5, 231016, 351424, 444279, 202527, 120646, 334199, 404791, 67634, 437734, 297374, 400328, 368442, 288138, 344124, 179191, 178751, 569719, 315331, 136688, 77240, 277694, 137296, 79715, 277230, 55318, 524278, 77280, 85299, 96612, 201494, 159521, 428865, 421457, 54268, 181247, 277161, 120765, 141298, 108184, 168238, 178886, 69433, 62265, 169295, 31635, 215323, 130867, 342492,
    330534, 337672, 58647, 231016, 5, 127998, 608149, 61900, 284435, 110774, 179305, 247443, 601487, 461656, 564154, 532184, 515961, 118638, 343117, 125743, 346649, 89845, 94629, 177365, 148220, 259721, 194352, 53805, 283069, 300935, 173130, 310059, 137343, 365777, 323604, 593147, 195846, 212779, 345529, 51710, 285170, 305062, 335958, 332521, 406660, 297062, 169041, 116427, 201004, 128530, 171243, 506615,
    451516, 458101, 124855, 351424, 127998, 5, 728511, 182257, 404878, 57058, 301896, 367800, 721967, 582013, 684561, 652675, 636370, 241229, 463423, 246100, 223202, 212436, 215384, 297887, 273364, 380078, 314709, 74844, 403551, 177761, 293487, 430416, 257741, 486134, 443754, 713504, 240344, 333145, 465886, 174115, 404998, 425530, 456315, 452878, 527018, 417666, 289398, 236784, 321362, 291625, 291600, 626724,
    397600, 404413, 661221, 444279, 608149, 728511, 5, 579614, 326223, 711286, 781879, 407162, 69238, 158329, 45695, 106415, 677592, 721212, 316535, 555838, 947162, 692419, 513701, 431744, 654526, 360624, 522986, 654318, 411132, 901448, 517621, 376801, 473716, 310761, 285593, 68415, 798420, 397111, 311982, 654283, 351912, 371804, 497589, 342745, 568291, 462670, 459904, 546382, 474906, 592410, 507954, 130033,
    302619, 309204, 114940, 202527, 61900, 182257, 579614, 5, 255981, 165063, 235656, 218934, 573070, 433148, 535664, 503778, 487473, 174988, 314526, 49874, 400603, 146196, 66487, 148990, 204811, 231212, 127310, 108095, 254654, 355162, 144621, 281796, 108844, 337268, 294856, 564638, 252341, 184248, 317020, 108045, 256101, 276633, 307449, 304012, 378152, 268769, 140532, 87918, 172496, 142759, 142734, 477827,
    112805, 119672, 337588, 120646, 284435, 404878, 326223, 255981, 5, 387654, 458246, 82764, 319505, 179674, 282172, 250202, 392851, 397579, 61135, 232205, 623529, 368786, 190068, 108111, 330893, 36991, 199353, 330685, 126391, 577815, 193988, 92060, 150083, 97685, 41622, 311165, 474787, 73478, 67731, 330650, 67171, 87063, 212848, 64429, 283550, 177929, 136271, 222750, 151273, 268777, 184321, 224632,
    434292, 440876, 145512, 334199, 110774, 57058, 711286, 165063, 387654, 5, 284594, 350499, 704742, 564712, 667336, 635450, 619145, 223928, 446199, 228799, 260468, 195135, 198160, 280662, 256139, 362777, 297407, 57542, 386326, 215027, 276185, 413468, 240516, 468832, 426529, 696203, 301186, 315920, 448585, 156891, 387773, 408306, 439014, 435576, 509716, 400441, 272096, 219482, 304060, 274324, 274299, 609500,
    504884, 511468, 184097, 404791, 179305, 301896, 781879, 235656, 458246, 284594, 5, 422817, 775335, 637030, 737928, 706042, 689738, 200050, 516791, 301117, 347118, 92563, 268752, 351255, 274612, 435095, 369725, 229150, 456918, 301678, 348503, 484060, 311108, 541150, 497121, 768521, 19746, 386513, 520903, 174457, 458366, 478898, 511332, 507894, 582034, 471033, 344414, 291800, 376378, 304268, 346617, 680092,
    61574, 110030, 300483, 67634, 247443, 367800, 407162, 218934, 82764, 350499, 422817, 5, 400618, 260728, 363212, 331326, 322089, 360369, 141309, 194995, 586146, 331576, 153116, 70904, 294121, 100070, 144068, 293475, 72751, 540706, 156778, 34900, 113040, 138200, 122644, 392220, 437884, 36472, 117952, 293588, 56927, 77460, 142045, 104944, 212747, 103385, 93217, 185540, 95988, 231567, 147111, 305375,
    390938, 255282, 654676, 437734, 601487, 721967, 69238, 573070, 319505, 704742, 775335, 400618, 5, 90511, 39151, 38597, 671048, 714668, 309991, 549294, 940618, 685875, 507156, 425200, 647982, 354080, 516442, 647774, 404588, 894904, 511076, 370256, 467172, 220107, 279049, 53073, 791876, 390567, 305438, 647739, 345368, 365260, 491044, 336201, 561747, 456126, 453360, 539838, 468362, 585866, 501410, 123489,
    251108, 163612, 514696, 297374, 461656, 582013, 158329, 433148, 179674, 564712, 637030, 260728, 90511, 5, 111848, 70896, 531116, 574828, 170163, 409455, 800359, 546035, 367329, 285117, 508335, 214241, 376602, 507934, 264604, 754919, 371237, 230284, 327253, 126610, 139418, 131859, 652098, 250685, 165598, 507802, 205429, 225122, 351205, 196361, 421907, 315897, 313520, 399999, 328522, 446027, 361571, 142982,
    353606, 360463, 617270, 400328, 564154, 684561, 45695, 535664, 282172, 667336, 737928, 363212, 39151, 111848, 5, 76254, 633641, 677261, 272585, 511888, 903212, 648468, 469750, 387794, 610575, 316674, 479036, 610368, 367182, 857498, 473670, 332850, 429766, 266811, 241642, 90730, 754470, 353160, 268032, 610333, 307961, 327854, 453638, 298794, 524340, 418720, 415954, 502432, 430955, 548460, 464004, 86083,
    321636, 216923, 585384, 368442, 532184, 652675, 106415, 503778, 250202, 635450, 706042, 331326, 38597, 70896, 76254, 5, 601755, 645375, 240699, 480002, 871325, 616582, 437864, 355908, 578689, 284788, 447149, 578481, 335296, 825611, 441784, 300964, 397879, 181749, 209756, 61539, 722584, 321274, 236145, 578447, 276075, 295968, 421752, 266908, 492454, 386834, 384068, 470546, 399069, 516574, 432118, 160692,
    328089, 380483, 569080, 288138, 515961, 636370, 677592, 487473, 392851, 619145, 689738, 322089, 671048, 531116, 633641, 601755, 5, 629071, 423983, 463697, 440700, 600278, 421560, 364243, 562385, 420586, 364661, 562177, 267664, 485953, 362227, 304980, 381575, 408588, 393290, 662607, 706279, 341833, 388340, 562142, 326499, 347873, 181344, 375332, 110132, 219732, 347212, 454241, 316581, 500269, 415813, 576075,
    444217, 450801, 123430, 344124, 118638, 241229, 721212, 174988, 397579, 223928, 200050, 360369, 714668, 574828, 677261, 645375, 629071, 5, 456124, 238878, 542490, 108837, 208085, 290588, 81514, 372856, 307486, 166911, 396251, 497050, 286264, 423393, 250441, 478911, 436454, 706282, 215118, 325846, 458664, 73864, 397698, 418231, 449093, 445655, 519795, 410366, 282175, 229561, 314139, 141973, 284377, 619425,
    143974, 150652, 396133, 179191, 343117, 463423, 316535, 314526, 61135, 446199, 516791, 141309, 309991, 170163, 272585, 240699, 423983, 456124, 5, 290750, 682074, 427331, 248613, 166656, 389438, 95536, 257898, 389230, 157370, 636360, 252533, 123039, 208628, 128435, 32111, 301654, 533332, 132023, 58220, 389195, 98150, 118042, 243827, 88983, 314529, 208908, 194816, 281294, 209818, 327322, 242866, 215121,
    278843, 285428, 178783, 178751, 125743, 246100, 555838, 49874, 232205, 228799, 301117, 194995, 549294, 409455, 511888, 480002, 463697, 238878, 290750, 5, 464446, 210124, 42712, 125214, 181025, 207383, 75204, 172023, 230878, 419006, 120792, 258020, 85068, 313439, 271081, 540810, 316185, 160472, 293192, 171889, 232325, 252857, 283620, 280183, 354322, 244993, 116703, 64078, 148667, 118920, 118905, 454051,
    670167, 676375, 381188, 569719, 346649, 223202, 947162, 400603, 623529, 260468, 347118, 586146, 940618, 800359, 903212, 871325, 440700, 542490, 682074, 464446, 5, 435003, 433332, 516068, 618774, 598424, 533055, 293190, 621772, 45849, 511833, 648762, 476046, 704480, 662307, 931850, 331618, 551482, 684232, 392646, 623873, 643766, 674661, 671224, 551358, 635766, 507744, 455130, 539708, 509971, 509946, 845318,
    415424, 422008, 94637, 315331, 89845, 212436, 692419, 146196, 368786, 195135, 92563, 331576, 685875, 546035, 648468, 616582, 600278, 108837, 427331, 210124, 435003, 5, 179292, 261795, 185152, 344026, 278656, 138081, 367458, 389563, 257434, 394600, 221648, 450081, 407661, 677452, 107631, 297053, 429834, 84997, 368906, 389438, 420262, 416825, 490965, 381573, 253345, 200731, 285309, 213199, 255547, 590632,
    236706, 243344, 148094, 136688, 94629, 215384, 513701, 66487, 190068, 198160, 268752, 153116, 507156, 367329, 469750, 437864, 421560, 208085, 248613, 42712, 433332, 179292, 5, 83038, 141399, 165394, 100024, 141191, 188742, 388321, 78802, 215732, 43016, 271449, 229277, 498820, 285293, 118452, 251202, 141156, 190843, 210735, 241631, 238194, 312333, 202735, 74713, 33256, 106677, 79283, 76916, 412287,
    154750, 161132, 230596, 77240, 177365, 297887, 431744, 148990, 108111, 280662, 351255, 70904, 425200, 285117, 387794, 355908, 364243, 290588, 166656, 125214, 516068, 261795, 83038, 5, 223902, 83182, 108219, 223694, 131528, 470824, 86997, 133520, 43092, 189238, 147065, 416608, 367796, 36240, 168990, 223659, 108631, 128523, 184417, 155982, 255119, 145521, 55210, 115758, 87174, 161786, 77330, 330076,
    377531, 384350, 199723, 277694, 148220, 273364, 654526, 204811, 330893, 256139, 274612, 294121, 647982, 508335, 610575, 578689, 562385, 81514, 389438, 181025, 618774, 185152, 141399, 223902, 5, 306399, 241030, 199170, 329748, 573430, 219808, 356737, 184021, 412455, 370282, 639826, 291154, 259458, 392208, 149910, 331848, 351741, 382636, 379199, 453339, 343741, 215719, 117243, 247683, 62606, 153456, 553293,
    140578, 147162, 312761, 137296, 259721, 380078, 360624, 231212, 36991, 362777, 435095, 100070, 354080, 214241, 316674, 284788, 420586, 372856, 95536, 207383, 598424, 344026, 165394, 83182, 306399, 5, 216365, 305930, 154074, 552984, 169232, 119754, 125318, 127181, 75867, 345712, 450162, 90608, 102278, 305866, 94059, 114592, 240333, 93925, 311035, 205367, 137446, 197994, 168285, 244022, 159566, 258838,
    185007, 252576, 247391, 79715, 194352, 314709, 522986, 127310, 199353, 297407, 369725, 144068, 516442, 376602, 479036, 447149, 364661, 307486, 257898, 75204, 533055, 278656, 100024, 108219, 241030, 216365, 5, 240680, 131842, 487614, 21615, 161767, 68072, 280196, 238228, 507567, 384793, 132976, 259949, 240497, 199473, 220005, 184630, 246940, 255332, 145957, 70160, 132745, 48399, 178772, 101914, 421199,
    377323, 383908, 88543, 277230, 53805, 74844, 654318, 108095, 330685, 57542, 229150, 293475, 647774, 507934, 610368, 578481, 562177, 166911, 389230, 172023, 293190, 138081, 141191, 223694, 199170, 305930, 240680, 5, 329358, 247749, 219134, 356499, 183548, 411782, 369560, 639152, 244218, 258952, 391534, 99922, 330805, 351337, 381963, 378526, 452665, 343472, 215046, 162432, 247010, 217273, 217248, 552531,
    61629, 113971, 336260, 55318, 283069, 403551, 411132, 254654, 126391, 386326, 456918, 72751, 404588, 264604, 367182, 335296, 267664, 396251, 157370, 230878, 621772, 367458, 188742, 131528, 329748, 154074, 131842, 329358, 5, 576487, 129408, 38468, 148756, 142076, 126778, 396096, 473460, 109014, 121828, 329323, 59988, 81362, 87541, 108820, 158243, 52622, 114393, 221422, 83762, 267450, 182994, 309563,
    624453, 630934, 335747, 524278, 300935, 177761, 901448, 355162, 577815, 215027, 301678, 540706, 894904, 754919, 857498, 825611, 485953, 497050, 636360, 419006, 45849, 389563, 388321, 470824, 573430, 552984, 487614, 247749, 576487, 5, 466392, 603321, 430678, 659039, 616690, 886410, 286236, 506082, 638792, 347052, 577935, 598467, 629221, 625783, 699923, 590602, 462303, 409689, 494267, 464530, 464505, 799661,
    240626, 247210, 226169, 77280, 173130, 293487, 517621, 144621, 193988, 276185, 348503, 156778, 511076, 371237, 473670, 441784, 362227, 286264, 252533, 120792, 511833, 257434, 78802, 86997, 219808, 169232, 21615, 219134, 129408, 466392, 5, 159332, 46850, 275183, 232863, 502554, 363571, 122255, 254936, 219275, 194107, 214640, 182254, 241927, 252956, 143522, 48896, 111481, 46023, 157508, 80650, 415834,
    27291, 79668, 363098, 85299, 310059, 430416, 376801, 281796, 92060, 413468, 484060, 34900, 370256, 230284, 332850, 300964, 304980, 423393, 123039, 258020, 648762, 394600, 215732, 133520, 356737, 119754, 161767, 356499, 38468, 603321, 159332, 5, 175656, 107755, 92283, 361775, 500500, 99088, 87508, 356204, 25547, 47098, 124845, 74500, 195548, 89761, 144318, 248564, 113687, 294592, 210136, 275014,
    196721, 203268, 190450, 96612, 137343, 257741, 473716, 108844, 150083, 240516, 311108, 113040, 467172, 327253, 429766, 397879, 381575, 250441, 208628, 85068, 476046, 221648, 43016, 43092, 184021, 125318, 68072, 183548, 148756, 430678, 46850, 175656, 5, 231374, 189201, 458744, 327650, 78376, 211126, 183513, 150767, 170659, 201555, 198118, 272257, 162659, 34637, 75612, 66601, 121640, 37184, 372212,
    88890, 37492, 418816, 201494, 365777, 486134, 310761, 337268, 97685, 468832, 541150, 138200, 220107, 126610, 266811, 181749, 408588, 478911, 128435, 313439, 704480, 450081, 271449, 189238, 412455, 127181, 280196, 411782, 142076, 659039, 275183, 107755, 231374, 5, 97679, 243090, 556218, 154806, 71168, 411922, 82900, 61514, 228453, 41656, 299155, 193369, 217490, 303968, 232492, 349996, 265540, 208974,
    113281, 119896, 376463, 159521, 323604, 443754, 285593, 294856, 41622, 426529, 497121, 122644, 279049, 139418, 241642, 209756, 393290, 436454, 32111, 271081, 662307, 407661, 229277, 147065, 370282, 75867, 238228, 369560, 126778, 616690, 232863, 92283, 189201, 97679, 5, 270909, 513662, 112353, 27464, 369526, 67394, 87286, 213071, 58227, 283773, 178152, 175146, 261625, 190148, 307652, 223196, 184376,
    382599, 278227, 646187, 428865, 593147, 713504, 68415, 564638, 311165, 696203, 768521, 392220, 53073, 131859, 90730, 61539, 662607, 706282, 301654, 540810, 931850, 677452, 498820, 416608, 639826, 345712, 507567, 639152, 396096, 886410, 502554, 361775, 458744, 243090, 270909, 5, 783589, 382176, 297134, 639293, 336920, 356613, 482740, 327896, 553442, 447388, 445056, 531534, 460057, 577562, 493106, 174818,
    521425, 528113, 200715, 421457, 195846, 240344, 798420, 252341, 474787, 301186, 19746, 437884, 791876, 652098, 754470, 722584, 706279, 215118, 533332, 316185, 331618, 107631, 285293, 367796, 291154, 450162, 384793, 244218, 473460, 286236, 363571, 500500, 327650, 556218, 513662, 783589, 5, 403221, 535971, 191298, 475611, 495504, 526400, 522962, 597102, 487504, 359482, 306868, 391446, 319336, 361684, 697056,
    120116, 126700, 265854, 54268, 212779, 333145, 397111, 184248, 73478, 315920, 386513, 36472, 390567, 250685, 353160, 321274, 341833, 325846, 132023, 160472, 551482, 297053, 118452, 36240, 259458, 90608, 132976, 258952, 109014, 506082, 122255, 99088, 78376, 154806, 112353, 382176, 403221, 5, 134558, 258917, 74199, 94091, 161445, 121550, 232147, 122549, 90468, 151016, 84896, 197044, 112588, 295644,
    108332, 114916, 398569, 181247, 345529, 465886, 311982, 317020, 67731, 448585, 520903, 117952, 305438, 165598, 268032, 236145, 388340, 458664, 58220, 293192, 684232, 429834, 251202, 168990, 392208, 102278, 259949, 391534, 121828, 638792, 254936, 87508, 211126, 71168, 27464, 297134, 535971, 134558, 5, 391675, 62653, 82346, 208267, 31791, 278969, 173121, 197304, 283783, 212306, 329810, 245354, 210195,
    377288, 383817, 56419, 277161, 51710, 174115, 654283, 108045, 330650, 156891, 174457, 293588, 647739, 507802, 610333, 578447, 562142, 73864, 389195, 171889, 392646, 84997, 141156, 223659, 149910, 305866, 240497, 99922, 329323, 347052, 219275, 356204, 183513, 411922, 369526, 639293, 191298, 258917, 391675, 5, 331315, 351208, 382104, 378666, 452806, 343208, 215186, 162572, 247150, 131148, 217388, 552760,
    48195, 54795, 337707, 120765, 285170, 404998, 351912, 256101, 67171, 387773, 458366, 56927, 345368, 205429, 307961, 276075, 326499, 397698, 98150, 232325, 623873, 368906, 190843, 108631, 331848, 94059, 199473, 330805, 59988, 577935, 194107, 25547, 150767, 82900, 67394, 336920, 475611, 74199, 62653, 331315, 5, 22186, 146335, 49644, 217038, 111417, 136391, 222869, 151392, 268897, 184441, 250387,
    27800, 34472, 358240, 141298, 305062, 425530, 371804, 276633, 87063, 408306, 478898, 77460, 365260, 225122, 327854, 295968, 347873, 418231, 118042, 252857, 643766, 389438, 210735, 128523, 351741, 114592, 220005, 351337, 81362, 598467, 214640, 47098, 170659, 61514, 87286, 356613, 495504, 94091, 82346, 351208, 22186, 5, 167886, 29747, 238588, 132968, 156923, 243402, 171925, 289429, 204973, 270080,
    148086, 200456, 388998, 108184, 335958, 456315, 497589, 307449, 212848, 439014, 511332, 142045, 491044, 351205, 453638, 421752, 181344, 449093, 243827, 283620, 674661, 420262, 241631, 184417, 382636, 240333, 184630, 381963, 87541, 629221, 182254, 124845, 201555, 228453, 213071, 482740, 526400, 161445, 208267, 382104, 146335, 167886, 5, 195082, 71998, 39308, 166714, 273743, 136083, 319771, 235315, 395802,
    57123, 63707, 385561, 168238, 332521, 452878, 342745, 304012, 64429, 435576, 507894, 104944, 336201, 196361, 298794, 266908, 375332, 445655, 88983, 280183, 671224, 416825, 238194, 155982, 379199, 93925, 246940, 378526, 108820, 625783, 241927, 74500, 198118, 41656, 58227, 327896, 522962, 121550, 31791, 378666, 49644, 29747, 195082, 5, 265784, 160113, 184119, 270597, 199120, 316625, 232169, 240958,
    218788, 271159, 459700, 178886, 406660, 527018, 568291, 378152, 283550, 509716, 582034, 212747, 561747, 421907, 524340, 492454, 110132, 519795, 314529, 354322, 551358, 490965, 312333, 255119, 453339, 311035, 255332, 452665, 158243, 699923, 252956, 195548, 272257, 299155, 283773, 553442, 597102, 232147, 278969, 452806, 217038, 238588, 71998, 265784, 5, 110010, 237866, 344895, 207235, 390923, 306467, 466504,
    113167, 165264, 350375, 69433, 297062, 417666, 462670, 268769, 177929, 400441, 471033, 103385, 456126, 315897, 418720, 386834, 219732, 410366, 208908, 244993, 635766, 381573, 202735, 145521, 343741, 205367, 145957, 343472, 52622, 590602, 143522, 89761, 162659, 193369, 178152, 447388, 487504, 122549, 173121, 343208, 111417, 132968, 39308, 160113, 110010, 5, 128507, 235537, 97877, 281565, 197109, 360883,
    167558, 189494, 222080, 62265, 169041, 289398, 459904, 140532, 136271, 272096, 344414, 93217, 453360, 313520, 415954, 384068, 347212, 282175, 194816, 116703, 507744, 253345, 74713, 55210, 215719, 137446, 70160, 215046, 114393, 462303, 48896, 144318, 34637, 217490, 175146, 445056, 359482, 90468, 197304, 215186, 136391, 156923, 166714, 184119, 237866, 128507, 5, 107337, 32249, 153365, 68909, 358117,
    269388, 275972, 169466, 169295, 116427, 236784, 546382, 87918, 222750, 219482, 291800, 185540, 539838, 399999, 502432, 470546, 454241, 229561, 281294, 64078, 455130, 200731, 33256, 115758, 117243, 197994, 132745, 162432, 221422, 409689, 111481, 248564, 75612, 303968, 261625, 531534, 306868, 151016, 283783, 162572, 222869, 243402, 273743, 270597, 344895, 235537, 107337, 5, 139350, 55137, 42613, 444596,
    136927, 204495, 254044, 31635, 201004, 321362, 474906, 172496, 151273, 304060, 376378, 95988, 468362, 328522, 430955, 399069, 316581, 314139, 209818, 148667, 539708, 285309, 106677, 87174, 247683, 168285, 48399, 247010, 83762, 494267, 46023, 113687, 66601, 232492, 190148, 460057, 391446, 84896, 212306, 247150, 151392, 171925, 136083, 199120, 207235, 97877, 32249, 139350, 5, 185330, 100874, 373119,
    315415, 322000, 181935, 215323, 128530, 291625, 592410, 142759, 268777, 274324, 304268, 231567, 585866, 446027, 548460, 516574, 500269, 141973, 327322, 118920, 509971, 213199, 79283, 161786, 62606, 244022, 178772, 217273, 267450, 464530, 157508, 294592, 121640, 349996, 307652, 577562, 319336, 197044, 329810, 131148, 268897, 289429, 319771, 316625, 390923, 281565, 153365, 55137, 185330, 5, 91294, 490623,
    230959, 237544, 224283, 130867, 171243, 291600, 507954, 142734, 184321, 274299, 346617, 147111, 501410, 361571, 464004, 432118, 415813, 284377, 242866, 118905, 509946, 255547, 76916, 77330, 153456, 159566, 101914, 217248, 182994, 464505, 80650, 210136, 37184, 265540, 223196, 493106, 361684, 112588, 245354, 217388, 184441, 204973, 235315, 232169, 306467, 197109, 68909, 42613, 100874, 91294, 5, 406167,
    296066, 302626, 559434, 342492, 506615, 626724, 130033, 477827, 224632, 609500, 680092, 305375, 123489, 142982, 86083, 160692, 576075, 619425, 215121, 454051, 845318, 590632, 412287, 330076, 553293, 258838, 421199, 552531, 309563, 799661, 415834, 275014, 372212, 208974, 184376, 174818, 697056, 295644, 210195, 552760, 250387, 270080, 395802, 240958, 466504, 360883, 358117, 444596, 373119, 490623, 406167, 5]

! Alternativamente, você pode ler de um arquivo de dados descomentando abaixo:
! initializations from "dados.dat"
!     POP DIST
! end-initializations

! ------------------------------------------------------------------
! PRÉ-CÁLCULO DA MATRIZ DE CUSTOS DE TRANSPORTE
! ------------------------------------------------------------------
declarations
    dist_efetiva: real
end-declarations
    
forall(i in CIDADES, j in CIDADES) do
    ! Verifica a regra da distância mínima de 5 km
   

    if DIST(i,j) < 5.0 then
        dist_efetiva := 5.0
    else
        dist_efetiva := DIST(i,j)
    end-if

    ! Custo = (20% da Pop) * (Distância Ida e Volta) * R$ 0,35
    CUSTO_TRANS(i,j) := (0.20 * POP(i)) * (2.0 * dist_efetiva) * 0.35
end-do

! ------------------------------------------------------------------
! MODELAGEM
! ------------------------------------------------------------------
! Função Objetivo: Minimizar Custo Fixo + Custo de Transporte
CustoGlobal := sum(j in CIDADES) CUSTO_FIXO * y(j) +
               sum(i in CIDADES, j in CIDADES) CUSTO_TRANS(i,j) * x(i,j)

! Restrição 1: Toda cidade deve ter 100% de sua demanda atendida
forall(i in CIDADES)
    Atendimento(i) := sum(j in CIDADES) x(i,j) = 1

! Restrição 2: Só pode mandar paciente para PSA aberto
forall(i in CIDADES, j in CIDADES)
    Vinculo(i,j) := x(i,j) <= y(j)

! Natureza das variáveis
forall(j in CIDADES) y(j) is_binary
forall(i in CIDADES, j in CIDADES) do
    x(i,j) is_continuous ! Poderia ser binária, mas no UFLP naturaliza em 0 ou 1
    x(i,j) >= 0
    x(i,j) <= 1
end-do

! ------------------------------------------------------------------
! RESOLUÇÃO E EXIBIÇÃO DOS RESULTADOS
! ------------------------------------------------------------------
exportprob(EP_MIN, "modelo_rondonia.lp", CustoGlobal)
writeln("Matriz exportada com sucesso para 'modelo_rondonia.lp'!")

writeln("\n=======================================================")
writeln("SOLUÇÃO OTIMIZADA: REDE DE PRONTO SOCORROS (PSAs)")
writeln("=======================================================")
writeln("Custo Global Total: R$ ", getobjval)
writeln("-------------------------------------------------------")

writeln("PSAs a serem construídos:")
forall(j in CIDADES | getsol(y(j)) > 0.9) do
    writeln(" -> Abrir PSA na Cidade ", j)
end-do

writeln("-------------------------------------------------------")
writeln("Fluxo de Pacientes (Quem vai pra onde):")
forall(i in CIDADES) do
    forall(j in CIDADES | getsol(x(i,j)) > 0.9) do
        writeln(" -> Pacientes da Cidade ", i, " são atendidos no PSA da Cidade ", j)
    end-do
end-do
writeln("=======================================================\n")

end-model